Eye
ex=0.500000
ey=0.500000
ez=-1.000000

Screen
z=0.000000

Floor
y=0.333333

Light
lx=0.000000
ly=1.000000
lz=-0.500000

Sphere 0
cx=0.500000
cy=0.500000
cz=0.166667
r=0.166667
red=0
green=0
blue=255

Sphere 1
cx=0.833333
cy=0.500000
cz=0.500000
r=0.166667
red=0
green=255
blue=0

Sphere 2
cx=0.333333
cy=0.666667
cz=0.666667
r=0.333333
red=255
green=0
blue=0
